-39.3039 -0.405195 -49.6364 -0.405195 -44.3688 -2.22857 -44.1662 2.43117 -45.1792 -6.48312 -44.1662 5.67273 -37.6831 -0.607792 -33.44 -10.5406 -33.3643 10.2704 -17.6275 -23.7545 -17.6551 23.6074 -22.496 1.90682 
-9.31948 -26.9455 -49.9245 -2.76797 -19.2468 -17.8286 -18.3044 -2.57166 -18.2338 -26.7429 -17.8831 7.37857 -14.1818 -11.3455 -10.8432 -23.7361 -5.50736 1.70966 4.65974 -31.4026 4.86977 19.8368 6.75767 -11.1768 
-1.41818 -25.7299 -49.916 -2.56167 -11.4567 -18.9899 -11.6137 -5.80684 -10.5151 -25.8954 -11.1096 8.39575 -7.21932 -12.3984 -3.01992 -23.4979 2.1657 1.58105 8.71169 -31.8078 7.62875 19.4106 10.9403 -11.7506 
-51.0911 15.1648 -50.73 5.50628 -45.9417 2.90291 -46.9515 6.94175 -49.0971 -2.39806 -48.5074 10.8356 -42.0471 5.4436 -38.7726 -3.8229 -39.7794 15.0914 -25.0599 -18.9726 -21.7014 24.6487 -24.5507 3.95142 
-47.6104 -18.0312 -49.9434 -6.04669 -46.3204 -8.58252 -46.9793 -3.3084 -46.7429 -13.9913 -46.0969 3.68334 -41.2718 -6.68932 -40.6408 -15.1456 -36.0902 5.75198 -20.2132 -29.281 -20.5188 19.2028 -21.9718 -5.13641 
-54.5 36 -50.233 7.69903 -44.5534 3.40777 -45.6636 7.9872 -48.5922 -2.27184 -48.0874 17.9223 -40.2621 7.06796 -36.9806 -0.883495 -43.6351 20.6844 -22.9646 -12.8523 -21.2317 26.4623 -22.4948 5.40545 
-49.8544 12.4951 -50.3914 6.34526 -45.3107 0.631068 -46.8252 4.79612 -48.0874 -4.29126 -48.0686 10.4943 -41.8511 4.65079 -38.7079 -3.91766 -40.5891 12.4832 -22.1302 -20.2611 -21.5637 24.7823 -24.5665 3.02744 
-54.5 -36 -50.5263 -6.84211 -46.3158 -10.3947 -46.1842 -5.39474 -48.7184 -21.835 -48.1877 0.110379 -41.8421 -10 -43.48 -20.7208 -36.4757 6.68932 -21.1746 -26.4707 -22.9174 12.8644 -22.5302 -5.44587 
-25.6214 10.0971 -49.856 4.80962 -33.4211 0.789474 -32.1845 8.58252 -31.1842 -7.5 -30.4738 15.3705 -27.6759 5.99399 -22.1018 -6.271 -23.0061 14.1533 -8.58826 -22.4794 -7.27348 26.5732 -12.4757 5.15596 
-31.4026 -26.7429 -49.9292 -3.25967 -38.6842 -13.2895 -40.1316 -6.05263 -36.2649 -22.8935 -39.7368 1.71053 -31.6052 -11.1429 -29.3279 -22.215 -24.316 3.32785 -14.7896 -29.7818 -7.78514 20.393 -11.2118 -9.90885 
-31.4026 0.202597 -49.839 0 -41.0893 -2.12963 -41.3399 2.88126 -38.3333 -6.26362 -38.4586 8.01743 -34.0741 -0.250545 -27.5452 -12.5809 -27.546 12.6984 -13.6894 -24.8586 -13.6363 24.8969 -18.3312 1.03552 
-47.813 17.4234 -49.9269 4.92758 -44.4717 1.75381 -46.6117 7.06237 -46.2195 -4.15644 -46.8402 14.0789 -41.1273 4.86234 -35.9033 -5.99388 -39.3489 16.4856 -21.7631 -19.1998 -21.6828 28.9114 -22.7552 4.73443 
-49.0286 -30.9974 -49.839 -6.28052 -45.8497 -8.39325 -44.9728 -3.13181 -45.9896 -19.4494 -48.4208 1.82338 -40.9641 -7.2658 -41.1273 -19.0442 -40.6382 4.51725 -18.9395 -25.8536 -28.9364 21.4596 -18.9936 -5.36415 
-40.2621 -13.3786 -50.3157 -5.83046 -44.9728 -7.51634 -44.2211 -2.63072 -44.2211 -12.6525 -43.3442 3.00654 -39.5861 -5.51198 -36.0784 -14.1558 -33.1831 3.48561 -16.2097 -25.9386 -17.086 20.7775 -19.9895 -4.85282 
-37.8641 24.233 -50.2839 6.01743 -42.0915 4.63508 -42.9684 9.14488 -41.0893 -2.75599 -40.8084 19.6045 -37.8322 8.39325 -30.9223 -0.504854 -32.7586 19.1095 -16.2407 -18.1287 -13.8622 27.6727 -16.3027 7.63392 
-50.2213 -21.0302 -50.6117 -5.67961 -46.8519 -7.2658 -45.5263 -3.55263 -48.0177 -14.2816 -47.1053 2.36842 -42.2168 -7.64161 -41.7767 -15.7767 -37.1068 3.02913 -20.7116 -25.7539 -25.0393 18.0426 -23.2575 -5.50547 
-40.1143 -27.1481 -50.1551 -4.30265 -45.4739 -9.77124 -44.5969 -5.38671 -42.6158 -20.3335 -42.1822 1.39929 -40.0871 -8.89434 -33.989 -19.6344 -33.3191 3.33502 -15.6433 -26.3283 -22.0364 20.7691 -17.5637 -7.71335 
-31.7105 -24.4737 -50.3567 -5.85332 -39.3355 -12.402 -39.2105 -4.86842 -36.5795 -21.0458 -37.2368 4.47368 -32.6961 -10.7734 -28.923 -18.2877 -25.5466 0.504221 -10.5163 -28.3404 -12.8013 18.5105 -12.961 -8.35517 
-21.3301 25.6214 -50.1332 5.75032 -27.9904 6.2201 -27.6112 17.7453 -25.2632 -7.10526 -26.2488 25.6268 -22.8021 12.1792 -17.863 -1.07933 -19.7677 20.2787 -6.26124 -19.0713 -1.84525 29.389 -5.71362 9.55747 
-9.72468 -30.7948 -51.6142 -1.16959 -17.5108 -19.7462 -17.8913 -4.23742 -16.4789 -27.6217 -16.6358 8.78873 -13.6539 -14.2817 -7.84708 -23.2274 -6.90543 8.31791 5.75631 -29.21 5.6499 19.1469 9.85776 -9.48028 
-1.8833 -33.2716 -49.9664 -2.62241 -13.04 -19.7462 -14.3353 -4.58573 -10.6803 -30.054 -8.47712 9.43004 -6.96161 -15.0563 -0.721509 -23.6572 1.06009 1.83233 15.8511 -31.7022 1.74268 22.2511 12.8692 -11.6137 
13.2883 -1.36609 -48.954 -0.601756 -5.09179 -7.07883 -4.9676 5.34017 -0.37257 -18.8769 0.12419 18.8769 7.68189 -1.25457 12.3479 -15.3922 12.1983 14.2635 16.5678 -28.0498 16.1793 27.4066 18.0076 -1.11771 
-18.2338 1.01299 -49.8407 2.93423 -24.0121 -2.98189 -24.169 4.23742 -21.6091 -10.8045 -21.7087 13.1262 -20.5594 1.09859 -12.8692 -12.5553 -13.497 13.0262 -5.58534 -26.4157 -5.29825 26.5883 -8.1039 -0.202597 
-8.32073 -13.7851 -49.6382 -1.71701 -17.8834 -14.5302 -17.5501 -3.17101 -18.5043 -25.9557 -15.671 9.62315 -12.1544 -10.6837 -6.9303 -16.9508 -6.3921 5.57251 2.86156 -28.8781 0.614729 22.802 1.04829 -7.56812 
-40.1134 28.3153 -50.6015 4.61065 -43.7149 2.60799 -43.8391 8.6933 -43.7149 -2.85637 -42.6379 19.8467 -37.6296 8.6933 -31.7927 -0.49676 -35.102 18.6315 -16.5296 -16.0845 -14.8945 27.4709 -16.6172 7.38531 
-35.6425 19.1253 -50.2518 3.41791 -41.4148 4.65497 -42.1369 9.22871 -40.2351 -3.24245 -40.5373 16.7176 -36.0151 7.20302 -27.8228 -1.53093 -31.2775 15.8083 -14.8508 -19.3602 -13.67 27.01 -16.1661 6.8395 
-41.6037 -29.433 -50.6604 -4.67998 -45.2515 -10.2223 -43.3709 -5.41406 -43.4565 -20.0654 -43.7459 2.1057 -40.1134 -9.81102 -36.2627 -19.1248 -30.8342 -1.49109 -15.4814 -27.3719 -17.102 15.548 -17.0607 -7.1596 
-42.7214 -31.4201 -50.7406 -5.16893 -44.46 -11.1771 -43.9633 -6.2095 -43.8235 -20.3675 -44.2095 1.67079 -39.3683 -9.81102 -38.2505 -24.0929 -33.2829 -0.12419 -15.8673 -27.426 -17.5769 14.819 -17.2953 -7.05271 
-31.0526 17.2368 -50.1189 5.19847 -38.9597 2.00436 -38.4989 8.81749 -38.3333 -4.63508 -36.5795 17.7887 -34.5248 6.08531 -25.7461 -2.80179 -26.5767 19.3737 -12.8798 -20.6995 -11.3136 27.5652 -14.3014 7.10093 
-16.3931 -9.56263 -49.6624 -1.54267 -25.459 -9.19006 -25.0755 -0.242391 -25.3348 -18.5043 -22.9382 9.21341 -20.1782 -7.02181 -14.6329 -14.9448 -13.7468 7.2167 -3.13687 -27.5211 -4.28859 23.4507 -5.87009 -5.42385 
-15.5238 -4.9676 -49.526 -1.21711 -24.4654 -5.58855 -24.6324 2.0262 -23.9687 -16.8898 -22.602 10.9565 -19.7355 -4.18392 -13.7226 -13.35 -13.2933 9.31359 -3.09729 -26.7688 -3.70697 24.656 -6.07109 -3.1498 
-15.1512 -0.49676 -49.4038 -0.93578 -24.3413 -2.4838 -23.9687 3.7257 -22.7062 -13.4953 -22.6532 13.0184 -19.598 -0.951618 -13.267 -11.7016 -13.2256 11.2975 -3.23828 -25.9038 -3.29984 25.6926 -6.62688 -0.441814 
-14.406 5.21598 -49.5177 1.20682 -23.4719 -1.98704 -23.0994 5.34017 -21.6826 -11.2728 -22.2341 16.2724 -18.9993 4.06126 -12.4239 -9.57733 -12.8314 13.8096 -3.06397 -24.6684 -2.39624 26.8972 -5.09625 3.30088 
-18.2601 0.129505 -49.5582 1.65061 -30.5367 -3.50847 -30.2768 4.28814 -28.9774 -14.4237 -28.1977 15.8531 -22.145 0.662544 -19.2962 -9.71284 -19.3768 10.7301 -5.49711 -27.246 -5.41716 27.266 -10.7489 -0.129505 
-20.6649 -30.5922 -51.0946 -2.84849 -27.3506 -19.0442 -26.2093 -5.80684 -26.8983 -28.0678 -26.3377 6.68571 -21.6579 -14.2817 -17.7344 -22.5996 -15.8026 1.62078 -1.64973 -28.475 -0.81039 17.0182 -4.05195 -8.91429 
-16.4078 26.8835 -50.098 5.51246 -23.8544 2.90291 -23.4296 18.6484 -23.2599 -8.70621 -22.7401 26.7684 -18.6116 13.1041 -13.2679 -1.41658 -14.9546 21.266 -3.46847 -19.5364 2.35882 30.0373 -1.49785 10.073 
-23.0971 -14.2621 -49.9538 -5.43138 -29.534 -12.2427 -29.2816 -3.53398 -29.2373 -18.5819 -30.1316 6.44737 -25.3454 -8.06485 -21.07 -15.7396 -19.8422 4.65814 -4.82336 -27.523 -6.91326 21.7191 -10.0035 -6.95425 
3.64675 -12.1558 -49.7783 -1.66076 -8.83616 -11.565 -8.83616 -2.59887 -8.83616 -18.7119 -7.60196 11.7896 -2.66801 -7.21932 5.02688 -17.9594 6.28249 6.59044 11.3455 -31.4026 12.9981 22.3194 12.9667 -6.09384 
-7.06237 -22.4427 -49.8992 -2.22195 -14.6836 -17.4124 -13.933 -7.09091 -14.4237 -23.5198 -12.9944 7.27684 -10.5254 -14.1638 -5.25102 -20.4667 -3.88729 5.1983 5.80382 -30.008 0.168723 23.5265 4.79224 -10.1479 
-7.21932 -16.6358 -49.8384 -2.01869 -14.3 -16.77 -14.3062 -5.97129 -14.04 -24.18 -11.9276 8.63179 -10.6803 -13.4125 -5.64059 -18.7863 -3.29577 4.55131 5.02526 -29.2987 0.921761 24.5068 2.78718 -8.73424 
3.47732 -0.37257 -49.0814 -0.689051 -9.71461 -6.56393 -10.2397 5.11986 -9.05822 -19.8231 -8.92694 19.6918 -0.993521 -0.74514 3.8223 -13.2333 3.80345 12.9191 9.25046 -27.2309 9.16618 27.0614 10.7772 -0.10423 
-1.01299 -0.405195 -49.7273 -2.47915 -13.1243 -5.84746 -13.2542 4.41808 -12.0776 -18.379 -12.2089 18.7728 -7.53672 -0.389831 -0.129944 -14.6836 0.649718 13.774 5.38621 -28.3738 5.26984 28.3153 7.21932 -0.627767 
-4.85167 -0.870813 -49.2177 -1.91622 -12.9944 -4.67797 -12.9944 2.46893 -12.3402 -16.9349 -11.8151 17.1975 -7.96172 -1.11962 -4.02082 -12.6743 -4.0318 11.9566 3.78758 -27.0858 3.6355 26.7079 2.65404 -0.873858 
-9.52208 -16.2078 -49.853 -1.92057 -16.7657 -15.1512 -16.9187 -5.10048 -16.5411 -23.6301 -15.0734 8.83616 -13.6539 -11.2998 -9.77664 -19.1703 -7.7132 5.12902 0.113429 -28.6541 1.45113 21.6756 2.94293 -6.5908 
-6.28052 -7.29351 -49.8053 -2.39873 -16.7657 -7.32721 -16.5173 -0.74514 -16.8037 -17.5913 -15.4909 14.5719 -12.3622 -6.09974 -6.87055 -17.9879 -7.92697 15.1006 2.69708 -28.4457 -0.0117471 27.598 2.20547 -5.70507 
-4.86234 23.9065 -49.8936 2.71816 -14.555 6.5933 -14.0339 17.8023 -12.6027 -10.6336 -13.1243 24.0395 -9.22599 13.3842 -2.65049 -1.00971 -4.43919 21.2356 2.52427 -17.6699 6.07999 29.5863 2.63377 12.1558 
-9.31948 -26.9455 -49.9245 -2.76797 -19.2495 -18.1317 -18.3044 -2.57166 -18.7728 -26.9121 -17.8831 7.37857 -13 -12.8738 -10.8432 -23.7361 -5.50736 1.70966 4.65974 -31.4026 4.86977 19.8368 6.75767 -11.1768 
